<?xml version="1.0" encoding="UTF-8"?>
<Results xmlns="http://www.mscsoftware.com/:xrf10">
<Bibliography>
<File URI="file://C:\Users\gct14001\Desktop\Lets play\C:\Users\gct14001\AppData\Local\Temp\Bike.res" schema="xrf" version="2.0.0.0" publicationDate="2018-11-15 16:15:29+01:00" />
<Corporation author="MSC.Software" URI="http://www.mscsoftware.com/" />
<Author user="gct14001" name="-unknown name-" />
<Revision version="1" derivedFrom="-unknown-">
<Comment>
</Comment>
</Revision>
</Bibliography>
<Analysis name="Dynamic Analysis" executionDate="2018-11-15 15:57:07" Solver="Adams C++  Adams C++ Solver"  script="-unknown-">
<Bibliography>
<Environment operatingSystem="MS Windows NT 10.0" hostname="LEC-02304" />
<Application name="Adams/View" version="2010.01.00" />
</Bibliography>
<ModelInfo title="SOLIDWORKS Motion Mechanism" creationDate="-unknown-" checksum="-unknown-" />
<Units angle="deg" length="meter" mass="kg" time="sec" />
<StepMap name="map_001">
<Entity name="time">
<Component name="TIME" unitsValue="sec" id="1" />
</Entity>
<Entity name="Frame-1_XFORM" entity="Frame-1" entType="Part" objectId="2">
<Component name="X" unitsValue="meter" id="2" />
<Component name="Y" unitsValue="meter" id="3" />
<Component name="Z" unitsValue="meter" id="4" />
<Component name="PSI" unitsValue="deg" id="5" />
<Component name="THETA" unitsValue="deg" id="6" />
<Component name="PHI" unitsValue="deg" id="7" />
<Component name="VX" unitsValue="meter/sec" id="32" />
<Component name="VY" unitsValue="meter/sec" id="33" />
<Component name="VZ" unitsValue="meter/sec" id="34" />
<Component name="WX" unitsValue="deg/sec" id="35" />
<Component name="WY" unitsValue="deg/sec" id="36" />
<Component name="WZ" unitsValue="deg/sec" id="37" />
<Component name="ACCX" unitsValue="meter/sec**2" id="62" />
<Component name="ACCY" unitsValue="meter/sec**2" id="63" />
<Component name="ACCZ" unitsValue="meter/sec**2" id="64" />
<Component name="WDX" unitsValue="deg/sec**2" id="65" />
<Component name="WDY" unitsValue="deg/sec**2" id="66" />
<Component name="WDZ" unitsValue="deg/sec**2" id="67" />
</Entity>
<Entity name="Ground-1_XFORM" entity="Ground-1" entType="Part" objectId="3">
<Component name="X" unitsValue="meter" id="8" />
<Component name="Y" unitsValue="meter" id="9" />
<Component name="Z" unitsValue="meter" id="10" />
<Component name="PSI" unitsValue="deg" id="11" />
<Component name="THETA" unitsValue="deg" id="12" />
<Component name="PHI" unitsValue="deg" id="13" />
<Component name="VX" unitsValue="meter/sec" id="38" />
<Component name="VY" unitsValue="meter/sec" id="39" />
<Component name="VZ" unitsValue="meter/sec" id="40" />
<Component name="WX" unitsValue="deg/sec" id="41" />
<Component name="WY" unitsValue="deg/sec" id="42" />
<Component name="WZ" unitsValue="deg/sec" id="43" />
<Component name="ACCX" unitsValue="meter/sec**2" id="68" />
<Component name="ACCY" unitsValue="meter/sec**2" id="69" />
<Component name="ACCZ" unitsValue="meter/sec**2" id="70" />
<Component name="WDX" unitsValue="deg/sec**2" id="71" />
<Component name="WDY" unitsValue="deg/sec**2" id="72" />
<Component name="WDZ" unitsValue="deg/sec**2" id="73" />
</Entity>
<Entity name="BackWheelass-1_XFORM" entity="BackWheelass-1" entType="Part" objectId="4">
<Component name="X" unitsValue="meter" id="14" />
<Component name="Y" unitsValue="meter" id="15" />
<Component name="Z" unitsValue="meter" id="16" />
<Component name="PSI" unitsValue="deg" id="17" />
<Component name="THETA" unitsValue="deg" id="18" />
<Component name="PHI" unitsValue="deg" id="19" />
<Component name="VX" unitsValue="meter/sec" id="44" />
<Component name="VY" unitsValue="meter/sec" id="45" />
<Component name="VZ" unitsValue="meter/sec" id="46" />
<Component name="WX" unitsValue="deg/sec" id="47" />
<Component name="WY" unitsValue="deg/sec" id="48" />
<Component name="WZ" unitsValue="deg/sec" id="49" />
<Component name="ACCX" unitsValue="meter/sec**2" id="74" />
<Component name="ACCY" unitsValue="meter/sec**2" id="75" />
<Component name="ACCZ" unitsValue="meter/sec**2" id="76" />
<Component name="WDX" unitsValue="deg/sec**2" id="77" />
<Component name="WDY" unitsValue="deg/sec**2" id="78" />
<Component name="WDZ" unitsValue="deg/sec**2" id="79" />
</Entity>
<Entity name="Fork-2_XFORM" entity="Fork-2" entType="Part" objectId="5">
<Component name="X" unitsValue="meter" id="20" />
<Component name="Y" unitsValue="meter" id="21" />
<Component name="Z" unitsValue="meter" id="22" />
<Component name="PSI" unitsValue="deg" id="23" />
<Component name="THETA" unitsValue="deg" id="24" />
<Component name="PHI" unitsValue="deg" id="25" />
<Component name="VX" unitsValue="meter/sec" id="50" />
<Component name="VY" unitsValue="meter/sec" id="51" />
<Component name="VZ" unitsValue="meter/sec" id="52" />
<Component name="WX" unitsValue="deg/sec" id="53" />
<Component name="WY" unitsValue="deg/sec" id="54" />
<Component name="WZ" unitsValue="deg/sec" id="55" />
<Component name="ACCX" unitsValue="meter/sec**2" id="80" />
<Component name="ACCY" unitsValue="meter/sec**2" id="81" />
<Component name="ACCZ" unitsValue="meter/sec**2" id="82" />
<Component name="WDX" unitsValue="deg/sec**2" id="83" />
<Component name="WDY" unitsValue="deg/sec**2" id="84" />
<Component name="WDZ" unitsValue="deg/sec**2" id="85" />
</Entity>
<Entity name="Frontwheel-1_XFORM" entity="Frontwheel-1" entType="Part" objectId="6">
<Component name="X" unitsValue="meter" id="26" />
<Component name="Y" unitsValue="meter" id="27" />
<Component name="Z" unitsValue="meter" id="28" />
<Component name="PSI" unitsValue="deg" id="29" />
<Component name="THETA" unitsValue="deg" id="30" />
<Component name="PHI" unitsValue="deg" id="31" />
<Component name="VX" unitsValue="meter/sec" id="56" />
<Component name="VY" unitsValue="meter/sec" id="57" />
<Component name="VZ" unitsValue="meter/sec" id="58" />
<Component name="WX" unitsValue="deg/sec" id="59" />
<Component name="WY" unitsValue="deg/sec" id="60" />
<Component name="WZ" unitsValue="deg/sec" id="61" />
<Component name="ACCX" unitsValue="meter/sec**2" id="86" />
<Component name="ACCY" unitsValue="meter/sec**2" id="87" />
<Component name="ACCZ" unitsValue="meter/sec**2" id="88" />
<Component name="WDX" unitsValue="deg/sec**2" id="89" />
<Component name="WDY" unitsValue="deg/sec**2" id="90" />
<Component name="WDZ" unitsValue="deg/sec**2" id="91" />
</Entity>
<Entity name="FrontWheel2Frame" entity="FrontWheel2Frame" entType="Joint" objectId="4">
<Component name="FX" unitsValue="newton" id="92" />
<Component name="FY" unitsValue="newton" id="93" />
<Component name="FZ" unitsValue="newton" id="94" />
<Component name="TX" unitsValue="newton-meter" id="95" />
<Component name="TY" unitsValue="newton-meter" id="96" />
<Component name="TZ" unitsValue="newton-meter" id="97" />
</Entity>
<Entity name="Fork2FrameCylinder" entity="Fork2FrameCylinder" entType="Joint" objectId="7">
<Component name="FX" unitsValue="newton" id="98" />
<Component name="FY" unitsValue="newton" id="99" />
<Component name="FZ" unitsValue="newton" id="100" />
<Component name="TX" unitsValue="newton-meter" id="101" />
<Component name="TY" unitsValue="newton-meter" id="102" />
<Component name="TZ" unitsValue="newton-meter" id="103" />
</Entity>
<Entity name="Concentric6" entity="Concentric6" entType="Joint" objectId="9">
<Component name="FX" unitsValue="newton" id="104" />
<Component name="FY" unitsValue="newton" id="105" />
<Component name="FZ" unitsValue="newton" id="106" />
<Component name="TX" unitsValue="newton-meter" id="107" />
<Component name="TY" unitsValue="newton-meter" id="108" />
<Component name="TZ" unitsValue="newton-meter" id="109" />
</Entity>
<Entity name="Fork2Frame_Bottom" entity="Fork2Frame_Bottom" entType="Joint" objectId="1">
<Component name="FX" unitsValue="newton" id="110" />
<Component name="FY" unitsValue="newton" id="111" />
<Component name="FZ" unitsValue="newton" id="112" />
<Component name="TX" unitsValue="newton-meter" id="113" />
<Component name="TY" unitsValue="newton-meter" id="114" />
<Component name="TZ" unitsValue="newton-meter" id="115" />
</Entity>
<Entity name="Ground2Top" entity="Ground2Top" entType="Joint" objectId="2">
<Component name="FX" unitsValue="newton" id="116" />
<Component name="FY" unitsValue="newton" id="117" />
<Component name="FZ" unitsValue="newton" id="118" />
<Component name="TX" unitsValue="newton-meter" id="119" />
<Component name="TY" unitsValue="newton-meter" id="120" />
<Component name="TZ" unitsValue="newton-meter" id="121" />
</Entity>
<Entity name="Coincident1" entity="Coincident1" entType="Joint" objectId="3">
<Component name="FX" unitsValue="newton" id="122" />
<Component name="FY" unitsValue="newton" id="123" />
<Component name="FZ" unitsValue="newton" id="124" />
<Component name="TX" unitsValue="newton-meter" id="125" />
<Component name="TY" unitsValue="newton-meter" id="126" />
<Component name="TZ" unitsValue="newton-meter" id="127" />
</Entity>
<Entity name="FrontWheel2Fork" entity="FrontWheel2Fork" entType="Joint" objectId="5">
<Component name="FX" unitsValue="newton" id="128" />
<Component name="FY" unitsValue="newton" id="129" />
<Component name="FZ" unitsValue="newton" id="130" />
<Component name="TX" unitsValue="newton-meter" id="131" />
<Component name="TY" unitsValue="newton-meter" id="132" />
<Component name="TZ" unitsValue="newton-meter" id="133" />
</Entity>
<Entity name="Ground2Right" entity="Ground2Right" entType="Joint" objectId="6">
<Component name="FX" unitsValue="newton" id="134" />
<Component name="FY" unitsValue="newton" id="135" />
<Component name="FZ" unitsValue="newton" id="136" />
<Component name="TX" unitsValue="newton-meter" id="137" />
<Component name="TY" unitsValue="newton-meter" id="138" />
<Component name="TZ" unitsValue="newton-meter" id="139" />
</Entity>
<Entity name="Ground2Front" entity="Ground2Front" entType="Joint" objectId="8">
<Component name="FX" unitsValue="newton" id="140" />
<Component name="FY" unitsValue="newton" id="141" />
<Component name="FZ" unitsValue="newton" id="142" />
<Component name="TX" unitsValue="newton-meter" id="143" />
<Component name="TY" unitsValue="newton-meter" id="144" />
<Component name="TZ" unitsValue="newton-meter" id="145" />
</Entity>
<Entity name="BackMotor_RotateZ" entity="BackMotor_RotateZ" entType="Motion" objectId="1">
<Component name="FX" unitsValue="newton" id="146" />
<Component name="FY" unitsValue="newton" id="147" />
<Component name="FZ" unitsValue="newton" id="148" />
<Component name="TX" unitsValue="newton-meter" id="149" />
<Component name="TY" unitsValue="newton-meter" id="150" />
<Component name="TZ" unitsValue="newton-meter" id="151" />
</Entity>
<Entity name="SteerMotor" entity="SteerMotor" entType="Single_Component_Force" objectId="1">
<Component name="FX" unitsValue="newton" id="152" />
<Component name="FY" unitsValue="newton" id="153" />
<Component name="FZ" unitsValue="newton" id="154" />
<Component name="TX" unitsValue="newton-meter" id="155" />
<Component name="TY" unitsValue="newton-meter" id="156" />
<Component name="TZ" unitsValue="newton-meter" id="157" />
</Entity>
<Entity name="Backwheel-1_Frame-2" entity="Backwheel-1_Frame-2" entType="Contact" objectId="1">
<Component name="FX" unitsValue="newton" id="158" />
<Component name="FY" unitsValue="newton" id="159" />
<Component name="FZ" unitsValue="newton" id="160" />
<Component name="TX" unitsValue="newton-meter" id="161" />
<Component name="TY" unitsValue="newton-meter" id="162" />
<Component name="TZ" unitsValue="newton-meter" id="163" />
</Entity>
<Entity name="Ground-1_Backwheel-1" entity="Ground-1_Backwheel-1" entType="Contact" objectId="2">
<Component name="FX" unitsValue="newton" id="164" />
<Component name="FY" unitsValue="newton" id="165" />
<Component name="FZ" unitsValue="newton" id="166" />
<Component name="TX" unitsValue="newton-meter" id="167" />
<Component name="TY" unitsValue="newton-meter" id="168" />
<Component name="TZ" unitsValue="newton-meter" id="169" />
</Entity>
<Entity name="Frame-2_Fork-2" entity="Frame-2_Fork-2" entType="Contact" objectId="3">
<Component name="FX" unitsValue="newton" id="170" />
<Component name="FY" unitsValue="newton" id="171" />
<Component name="FZ" unitsValue="newton" id="172" />
<Component name="TX" unitsValue="newton-meter" id="173" />
<Component name="TY" unitsValue="newton-meter" id="174" />
<Component name="TZ" unitsValue="newton-meter" id="175" />
</Entity>
<Entity name="Fork-2_Frontwheel-1" entity="Fork-2_Frontwheel-1" entType="Contact" objectId="4">
<Component name="FX" unitsValue="newton" id="176" />
<Component name="FY" unitsValue="newton" id="177" />
<Component name="FZ" unitsValue="newton" id="178" />
<Component name="TX" unitsValue="newton-meter" id="179" />
<Component name="TY" unitsValue="newton-meter" id="180" />
<Component name="TZ" unitsValue="newton-meter" id="181" />
</Entity>
<Entity name="Ground-1_Frontwheel-1" entity="Ground-1_Frontwheel-1" entType="Contact" objectId="5">
<Component name="FX" unitsValue="newton" id="182" />
<Component name="FY" unitsValue="newton" id="183" />
<Component name="FZ" unitsValue="newton" id="184" />
<Component name="TX" unitsValue="newton-meter" id="185" />
<Component name="TY" unitsValue="newton-meter" id="186" />
<Component name="TZ" unitsValue="newton-meter" id="187" />
</Entity>
</StepMap>
<Data name="modelInput_001" id="1">
<Step type="input">
0
0.6871712257391337 -9.390958529855379E-005 -0.27726135565560478 90 15.870161266263617 -90
0 0 0 0 0 0
0.23412674846494036 -9.3909584476972515E-005 -0.3532369819124408 0 0 0
1.1372074192345354 -0.0261404840758721 -0.78862710125340096 89.999999999999815 17.870161266262993 -91.837309811446929
1.3145762811135313 -0.00202562159422145 -0.35514085839985848 -92.075768822062685 59.880184649709925 90.651709420728295
0 0 0 0 0 0
0 0 0 0 0 0
0 0 0 0 0 0
0 0 0 0 0 0
0 0 0 0 0 0
0 0 0 0 0 0
0 0 0 0 0 0
0 0 0 0 0 0
0 0 0 0 0 0
0 0 0 0 0 0
0 0 0 0 0 0
0 0 0 0 0 0 0
0 0 0 0 0 0 0
0 0 0 0 0 0 0
0 0 0 0 0 0 0
0 0 0 0 0 0 0
0 0 0 0 0 0 0
0 0 0 0 0 0 0
0 0 0 0 0 0 0
0 0 0 0 0 0 0
0 0 0 0 0 0 0
0 0 0 0 0 0 0
0 0 0 0 0 0 0
0 0 0 0 0 0
</Step>
</Data>
<Data name="initialConditions_001" id="2">
<Step type="initialConditions">
0
0.68717122573926837 -9.3909585759550658E-005 -0.27726135565560739 89.999999999999986 15.870161266265312
-90.000000000018588
0 0 0 -7.016709298534876E-015 0 0
0.23412674846454398 -9.3909584803396665E-005 -0.35323698191241121 -1.7894456237849351E-011 0 0
1.1372074192346715 -0.02614048407542471 -0.78862710125342261 89.99999999999784 17.870161266264713 -91.837309811446929
1.3145762811136634 -0.00202562159381894 -0.3551408583998597 -92.07576882206385 59.880184649709896 90.651709420724657
-8.8787733227032171E-008 -2.7695699909345378E-012 1.9292448719169446E-010 -6.6909358875471495E-009
-9.0605512939695803E-007 8.443078888441071E-009
0 0 0 0 0 0
-8.7586281970422475E-008 -7.8405255277647966E-011 -6.9713577919334951E-009 -6.8783089210195788E-009 -600
8.4963950939776626E-009
-8.0695376256288052E-008 5.7644332383989678E-012 7.3120462007643565E-009 -5.2992187865950355E-009
-9.0605512939695803E-007 1.2759602620528324E-008
-8.7555744214686434E-008 8.535658950957171E-011 1.0114664099204607E-008 2.234340199315863E-008 -6.4428833152872599E-010
3.847174369921682E-009
-6.6726255600296288E-007 1.8923228791580913E-007 9.8199988326548215 -2.1536141121099414E-005 -1.4723377873461234E-004
4.7425923458732457E-005
0 0 0 0 0 0
-4.7202693416443109E-007 -2.1432752186826168E-007 9.8199976684599886 -2.1447725405822446E-005 0 4.7495990775377124E-005
3.3681393335006134E-007 4.2834953024800775E-008 9.8200001058056667 -2.5668022868207828E-004 -1.4723377873460293E-004
-6.8189258079924845E-004
-4.9012431859056693E-007 -1.2609831074838051E-007 9.8200004535604162 -2.5215544105650452E-004 9.7184194116681123E-007
-6.8335144554923901E-004
9.7638910393079778E-007 -3.8702073349114818E-008 -9.0338152773606773E-007 4.1052885266025596E-007 0
1.2732886116026064E-006
-130.66035691752145 -1.8870096607923907E-004 42.127013408238732 5.3612347051318428E-006 -4.1133450742091746
-1.7285488731960858E-006
2.3023766675897924E-006 0 -8.3734331823676898E-006 4.1254725650356826E-007 0 -7.441019599378476E-007
-1.8841870889340867E-004 0 -5.8439594365207676E-004 0 0 0
0 -2.4052063135254013E-013 0 0 0 -2.393180281957773E-012
0 1.4531406873184187E-006 0 0 0 0
8.8324770362994108E-009 2.8930037154752972E-007 -2.8477335231112687E-009 -1.0383450820961067E-007
3.4996571735963111E-009 3.3477925690532648E-008
0 0 0 0 -3.4884641817929011E-012 0
0 2.4052063135254013E-013 -1963.9999999999998 0 0 0
0 0 0 0 8.5064641701073886E-014 0
0 0 0 0 0 0
0 0 0 0 0 0
0 0 0 0 0 0
130.66054502201544 1.8880815533960823E-004 -42.126430150541225 1.0367108468854695E-004 -54.039816558801689
7.934596716080879E-005
0 0 0 0 0 0
0 0 0 0 0 0
</Step>
<Incident name="INCIDENT_1" time="0">
<Contact object="Frame-2_Fork-2" iGeometry="Frame-1.Frame_2_graphic_body1" jGeometry="Fork-2.Fork_2_graphic_body2" track="0" id="1">
1.1137481203579436 -9.3900718616086497E-005 -0.82838394817857774
1.1139022746842628 -9.3900495149009527E-005 -0.82843364945506581
-0.27945834477344966 -0.41304332342017797 -0.86677462267563998
-0.12674676025367052 0.91071137742761887 -0.39311581727156164
0.9517553741912137 1.3796953982139374E-006 -0.30685779718990258
68.641826513423936
0 0 0 0
0 0
2.812429228062267E-012 0
-1.6196843274985645E-004 0
</Contact>
<Contact object="Frame-2_Fork-2" iGeometry="Frame-1.Frame_2_graphic_body1" jGeometry="Fork-2.Fork_2_graphic_body1" track="0" id="2">
1.1137481203019344 -9.3900157718450732E-005 -0.82838394817265271
1.1139022748069429 -9.3899935670688217E-005 -0.82843364913304929
-0.27945646368836774 -0.41304318790342126 -0.86677529373498585
-0.12674584781254428 0.91071143888978334 -0.3931159690696624
0.9517560480319619 1.3709320435677996E-006 -0.30685570718613381
68.641872965927647
0 0 0 0
0 0
2.8124303073595278E-012 0
-1.6196850582326524E-004 0
</Contact>
</Incident>
</Data>
<Data name="contactIncident_001" id="3">
<Step type="contactIncident">
0.03219430382750198
0.68721277433271311 -1.0502244848305221E-004 -0.27249295255196504 89.993776974133581 15.823478420705525
-89.99488351943009
0 0 0 -7.016709298534876E-015 0 0
0.23423035027876382 -9.2882253171006047E-005 -0.34883768075939042 -89.997320243677436 19.316582313293853
89.995782386743045
1.1376806697917385 -0.02613380705883915 -0.78349756477752208 89.994360349145794 17.823478413602032 -91.796241119479319
1.3146821924994252 -0.00201071818637224 -0.34986165754373993 -92.034259784091859 59.9105372619265 90.635340654258144
0.01546649173382292 -0.00100283464950344 0.14560893274381986 0.14817742115654778 -16.959751599979263
-0.08810289326722565
0 0 0 0 0 0
0.03804384196677454 -1.0912407313429211E-004 0.01153426625668136 0.13511047005476676 -599.99999751615087
-0.10258316575691806
0.16785832347745119 7.6941951452151581E-004 0.27850530122513178 0.96851975835450754 -16.959842379462241
2.4616310698432176
0.03846908894506964 0.00104644289422642 0.33131978721438587 1.1041336021573909 -12.433092819007076 2.4181200816320794
3.7195194536324578 -0.06038212829462925 -31.358363708236482 12.807373146147901 -4097.2944673309967 2.4210601353038959
0 0 0 0 0 0
9.2048298037701244 -0.06212251293475748 -63.738650354736734 12.687392700474085 5.5881150088460808E-004
-0.78255276193158474
40.259038473741171 0.09731225790245623 0.88421631736273953 30.016513636087936 -4097.3403148178568 59.1465765844967
9.2121356751625374 0.04485364777057446 13.525069843372066 64.963204489427667 -2924.2834864575102 47.993469974079204
-1870.068098008778 65.552692049479745 993.51464531100874 -151.0144293793511 0.01913902478474562 -469.24820940079712
-250.32786805128345 -0.35254392871528872 80.484641440736596 0.17270169948896508 -9.5346083916185691 -0.05582826603940185
415.0898854098258 -4.251167165605068E-004 -369.45336160651505 28.011739129581517 -0.00140207789468679 31.470751015670444
-7.7530783391265423 7.6313919438170087E-004 -24.114057883417736 0 0 0
0 0.1230989738840675 0 0.08760231161687908 0 0.61061144251837929
1.236325052277529E-005 0.54471478713707311 1.3263630515600375E-005 0 0 0
252.19534067763189 8419.4398807752314 -80.81862612633546 -5458.6870526826397 180.37211921657641 1756.7333152329397
-477.49854474112823 2.9238353220737093E-014 -2.9238353220737093E-014 4.9987817831830151E-013 8163.6301775554557
-2.3125682158476657E-012
0 3.4684193875880887E-013 -2832.1793597982187 0 0 0
0 0 0 0 -166.75593672618382 -0.00406045362309789
0 0 0 0.1185501206299842 0 0.36769283699331023
0 0 0 0 0 0
-477.49854474112823 -0.12309897388438513 868.17935979821868 -0.08760231161824146 -203.54040494822672
-0.61061144252488475
132.27488150704528 -0.0017747369692327 -42.529074863655389 -0.00113606225014461 -54.69267009721073 -0.00125108284470789
1599.5403146411275 -8485.0818036168093 -920.06691093732923 3711.1016547945064 866.02602688845764 -1441.4321789524267
0 0 0 0 0 0
</Step>
<Incident name="INCIDENT_2" time="0.03219430382750198">
<Contact object="Ground-1_Backwheel-1" iGeometry="Ground-1.Ground_1_graphic_body1" jGeometry="BackWheelass-1.Backwheel_1_graphic_body1" track="0" id="3">
0.23444687772329931 -1.0089803799440463E-004 4.9999943204856456E-010
0.23444687777193618 -1.0089804094335123E-004 6.3023762431380081E-004
0.99999996663417556 2.5832468297419243E-004 -7.7171148360477559E-008
-2.5832468297383058E-004 0.99999996663417867 4.6990418569041346E-009
7.7172359669308577E-008 -4.6791064876804361E-009 0.99999999999999711
868.17932294275136
-477.49862761851324 0 -0.49461345930925255 0.55000000000000004
0 0
3.6198296591774763 0
-6.3023712431432572E-004 8.799339467876839E-004
</Contact>
<Contact object="Frame-2_Fork-2" iGeometry="Frame-1.Frame_2_graphic_body1" jGeometry="Fork-2.Fork_2_graphic_body2" track="0" id="4">
1.1142361151679223 -1.0129135800035177E-004 -0.82326731066679715
1.1143909356211303 -1.0129343572135366E-004 -0.82331708916864776
-0.02404320535913345 -0.99691336976822642 -0.07473725612716944
-0.30514583216032148 0.07850944538163544 -0.9490639009577031
0.95200207215700972 -1.2776055430027118E-005 -0.30609157852762314
69.471854509903054
0 0 0 0
0 0
6.7505277796584462E-004 0
-1.6262617250097498E-004 -4.4464378188139157E-005
</Contact>
<Contact object="Frame-2_Fork-2" iGeometry="Frame-1.Frame_2_graphic_body1" jGeometry="Fork-2.Fork_2_graphic_body1" track="0" id="5">
1.1142361151110103 -1.0129078661264332E-004 -0.82326731066036962
1.1143909355513748 -1.012928801777252E-004 -0.82331708944395943
-0.02404346656053435 -0.99691335853036012 -0.07473732199825059
-0.30514740965124199 0.07850958806407882 -0.94906338195356887
0.95200155992460989 -1.2873475769781579E-005 -0.30609317165755762
69.471898460946719
0 0 0 0
0 0
6.7505279149253545E-004 0
-1.6262624651241172E-004 -4.4464282752715311E-005
</Contact>
<Contact object="Fork-2_Frontwheel-1" iGeometry="Fork-2.Fork_2_graphic_body2" jGeometry="Frontwheel-1.Frontwheel_1_graphic_body1" track="0" id="6">
1.3130800274644137 -0.05548430880270558 -0.34934864438265079
1.3129602712672443 -0.05948231696992299 -0.34931026701938023
-0.93926866627378536 0.03141524163803329 0.3417417960230919
-0.34187427421042765 0.00121976520692736 -0.93974490836925173
-0.02993915812714771 -0.99950567520432776 0.00959437569509707
8424.169561730685
-2105.9517439961796 0 -10.210766751642042 0.24998923971842829
0 0
1.8544708654826027E-004 0
-0.00399998545921222 1.1015628760618622E-005
</Contact>
</Incident>
</Data>
<Data name="dynamic_001" id="4">
<Step type="dynamic">
0.04
0.6879343469605087 -1.1071108225224515E-004 -0.27252071007094503 89.990643624992799 15.74272803037826
-89.992105767981442
0 0 0 -7.016709298534876E-015 0 0
0.23505997022264427 -9.3935740825838243E-005 -0.34950377825558054 -89.996947585299679 24.000000024189355
89.994734062969684
1.1391246572891074 -0.02613364075826509 -0.78289120270209256 89.991547679704965 17.742728013479983 -91.787112876855858
1.315512376491716 -0.00201345108232005 -0.34900509844827771 -92.024313278242673 60.054816077801561 90.628426296620219
0.19779370371995095 -0.00332160791947388 -0.13887316325558843 0.53540553091541088 11.208255908998034
-0.34976949227251319
0 0 0 0 0 0
0.18273417219767848 1.6240849531268389E-004 -0.0502812200052564 0.51661473787415257 -599.99998624705916
-0.37254607394722988
0.09788421606421738 -0.00121953808693404 -0.2274069427706987 0.59770190127201606 11.208246727528133 -0.15506459902336067
0.18282668071625197 -0.00622315339830845 -0.26166034754977985 -0.63316392608054339 -30.006611189092787
0.23682470161719915
16.338142743815169 63.045211693673913 -8.89805684482846 -11640.729509846511 3511.9610520378001 6601.7094551306727
0 0 0 0 0 0
11.634608863863878 -4.7774683096408639 18.860549809728791 -11643.143946539289 -0.23906432872631986 6592.7669203012456
-19.647391063961955 3.7656725787402436 -28.789293249270081 -17052.0680437603 3512.7352982363063 -10311.412149400006
11.287897450300941 101.15302730237785 -46.798560669100752 -17094.985995655141 2082.1685112861678 -10298.308185312213
-0.01920605923787377 -3.3121513427187104 -348.40061236471786 -1.5489885319034762 9.5833352850812454E-005
-4.8551084114406979
-40.432194428755317 43.861874393231197 12.938860418075173 -99.077267378377357 66.720047926097919 31.704169417864282
-78.100657616070208 0.00463646767551715 -59.914997910783178 47.512201349555198 4.0184415872165989E-004
-49.752649409019284
-55.188471628502299 0.00814144856995178 -172.48413246550874 0 0 0
3.8443175130868945E-014 313.91234727951422 1.9221587565434473E-014 -0.52652547319444365 -2.5197806846313588E-014
412.56446572912103
9.9385900330733828E-004 32.386556053411368 0.00121068482111374 0 0 0
3.4620083774814203 115.92318149135863 -1.1022414976990347 -134.73671394502989 4.432604148120256 42.986897888155958
-25.757193798626385 1.5771732470252928E-015 -1.5771732470252928E-015 2.4331926651365789E-013 3973.7051806784812
-1.1256590634459613E-012
0 2.9709023462202437E-013 -2425.925865554625 0 0 0
0 0 0 0 -0.0029914121313948 -1.1182594577722642E-007
0 0 0 0.14729327712101267 0 0.45684207360451445
0 0 0 0 0 0
-1.0220875500810428E-014 0 -2.2074102366954034E-015 0 0 0
131.63842061385341 -0.00228374513963633 -42.11870749796482 -0.00157011369969206 -54.405383738390405 -0.00195730700075017
5.7043694131975902E-015 5.9066537922598821E-015 3.553967810122212E-015 1.1069231581972949E-014 -2.5614306550020587E-015
4.9121909659687777E-015
-25.757193798626425 -313.91234727951451 461.92586555462526 0.5265254731936887 -607.82737201467887 -412.56446572912478
</Step>
<Incident name="INCIDENT_3" time="0.04">
<Contact object="Frame-2_Fork-2" iGeometry="Frame-1.Frame_2_graphic_body1" jGeometry="Fork-2.Fork_2_graphic_body2" track="0" id="7">
1.1157359580425559 -1.0326371436996306E-004 -0.82269317102166883
1.1158909135105368 -1.0326639383391456E-004 -0.82274275051358392
0.05831574772572891 -0.98150972074912202 0.18231275776031086
-0.29910909524951473 -0.19141229794279446 -0.93482355625822555
0.9524353115599109 -1.646935147212282E-005 -0.30474083583027711
69.106162111796564
0 0 0 0
0 0
1.6612582308025533E-004 0
-1.6269395527454992E-004 -1.3407479810955394E-007
</Contact>
<Contact object="Frame-2_Fork-2" iGeometry="Frame-1.Frame_2_graphic_body1" jGeometry="Fork-2.Fork_2_graphic_body1" track="0" id="8">
1.1157359579867385 -1.0326315458548993E-004 -0.82269317101562045
1.1158909137101325 -1.0326583832383912E-004 -0.8227427499481843
0.05831506866590461 -0.98150970174070984 0.1823130773020783
-0.29910558590973862 -0.19141239541042629 -0.93482465915316693
0.95243645522633247 -1.6495616511907027E-005 -0.30473726139708163
69.106208203930436
0 0 0 0
0 0
1.6612581591425224E-004 0
-1.6269402808282503E-004 -1.3406425700954983E-007
</Contact>
<Contact object="Ground-1_Frontwheel-1" iGeometry="Ground-1.Ground_1_graphic_body1" jGeometry="Frontwheel-1.Frontwheel_1_graphic_body1" track="0" id="9">
1.3158548059042585 0.00113982108709238 4.9999954307086703E-010
1.3158548059618302 0.00113982108150898 4.4688141727761144E-004
0.18612868377938896 0.98252537528277217 -1.1703216659664232E-008
-0.98252537528276374 0.1861286837793889 1.2890468174501438E-007
1.2883042410649637E-007 -1.2494156756068242E-008 0.99999999999999167
484.96400135937978
-278.19025407228969 0 0.94735976999441707 0.57363072989439967
0 0
0.00763349814272599 0
-4.4688091727822406E-004 0.26145163399287757
</Contact>
</Incident>
<Step type="dynamic">
0.08
0.69629424544739449 -2.7674325752531019E-004 -0.27376717502852271 89.895595362848709 15.920783628520368
-89.911973015145065
0 0 0 -7.016709298534876E-015 0 0
0.24318287993999382 -8.8671200379757511E-005 -0.34934262905403207 -89.99801258411317 47.999996256219319
89.967507672392173
1.1459931786013036 -0.02614037853030808 -0.78558100331946312 89.90557936946729 17.920781524708879 -91.472755677426107
1.3236381464165297 -0.00209099320943488 -0.35220419847676093 -91.749162204283408 60.78440890450586 90.519169745333912
0.21599509827136706 -0.0059844581822931 0.04905467143451528 0.72843714189157416 -7.8524669801309424 -0.64497154530141454
0 0 0 0 0 0
0.22634532349791614 7.5587705200111786E-005 -0.01303783325084738 0.51815843880652512 -599.99964789930232
-0.89116890283236883
0.29173315529986776 0.00131395096646099 0.1084567813876598 4.931399401949963 -7.8588939248618761 12.34170060336376
0.2271094716716322 0.00229636717966437 0.13490033329726389 4.9429079590184593 -7.4235612448253336 12.338135380277828
1.203700987229082 -0.13075524253309634 -2.8388964113367483 16.89549573336372 -1247.0321100643239 -10.160827078071033
0 0 0 0 0 0
2.8514137543304288 -0.02796249060327934 -12.696530697008345 10.207244094340568 0.01740456926860023 -17.02420346242214
12.520972837366418 0.12863692922803407 6.8907662408111277 150.28307537187791 -1247.4318520226761 404.59230811609507
2.9133024022312046 0.23685824456188739 10.816484475524231 151.98114894657499 -1182.0448204757924 404.10420266958681
-1946.0271409608965 57.093262673324062 793.68551572553292 -116.1646945992219 0.02024204496132037 -380.8465003273808
-173.64020358099543 -0.83607743660931977 56.153294605476972 0.30931450693997636 -5.1835385739213482 -0.10279211815721857
127.68966109621974 0.00429575713634594 -114.65574701979055 8.6618034098641292 -0.00718889428574099 9.9718906288916536
-2.2310590034508224 0.00367667898664677 -6.8989445462437038 0 0 0
0 0.13253771145333246 0 0.06139006735583512 0 0.49338762513638346
1.0958039250124088E-004 0.31783086338758537 1.3394537805584502E-004 0 0 0
219.85465126800105 8419.7680924321503 -66.611916020455666 -5468.4092942998632 155.98549234921165 1667.9666283796259
-147.02345775605875 9.002590347026673E-015 -9.002590347026673E-015 1.5377013095620721E-013 2511.256814018016
-7.1138115809013043E-013
0 2.7325735931045051E-013 -2231.3156699605383 0 0 0
0 0 0 0 -51.381379126809342 -0.02165396456093432
0 0 0 0.29458655424202534 0 0.91368414720902635
0 0 0 0 0 0
-147.02345775605875 -0.1325377114535925 267.31566996053874 -0.06139006735625256 -65.026356373789014 -0.49338762514007128
137.02714958580773 -0.02818666592687598 -44.313434523887047 -0.01933565659489832 -56.688837851527445 -0.0237318678985852
1720.3693022169955 -8477.3325777564587 -729.05398385532067 3699.030474976837 878.91718301577203 -1443.5180085584752
3.0016210732620628E-015 -6.0955026739882859E-015 -8.9593168753752307E-015 -2.5119126092218098E-015
9.1783589029716963E-015 9.9210213694218417E-015
</Step>
<Incident name="INCIDENT_4" time="0.08">
<Contact object="Ground-1_Backwheel-1" iGeometry="Ground-1.Ground_1_graphic_body1" jGeometry="BackWheelass-1.Backwheel_1_graphic_body1" track="0" id="10">
0.24329237763749162 -2.2900268865230173E-004 4.9999943204856456E-010
0.2432923777018578 -2.2900270257320083E-004 2.2179749573097984E-004
0.99999959883723022 8.9572612698944187E-004 -2.9014716068642699E-007
-8.957261269711916E-004 0.9999995988372703 6.3024064099787155E-008
2.9020349656683214E-007 -6.2764146424407373E-008 0.99999999999995592
267.31562731912379
-147.02359502551812 0 -0.43266345149714858 0.55000000000000004
0 0
3.4340707960101327 0
-2.2179699573150567E-004 0.00613828169951817
</Contact>
<Contact object="Frame-2_Fork-2" iGeometry="Frame-1.Frame_2_graphic_body1" jGeometry="Fork-2.Fork_2_graphic_body2" track="0" id="11">
1.122334527098694 -1.9138479830210547E-004 -0.82525288279594966
1.1224933742934133 -1.9141775127754293E-004 -0.82530426657442235
-0.00236773004761678 -0.99997489691745445 -0.00667827742370966
-0.30776806850652388 0.00708283670175034 -0.95143504740577012
0.95145846460167949 -1.97380806450666E-004 -0.30777711282457637
72.007133492328208
0 0 0 0
0 0
0.00346562200192776 0
-1.6695126548270421E-004 -1.3140370237754125E-005
</Contact>
<Contact object="Frame-2_Fork-2" iGeometry="Frame-1.Frame_2_graphic_body1" jGeometry="Fork-2.Fork_2_graphic_body1" track="0" id="12">
1.1223345270439329 -1.9138424273075155E-004 -0.82525288278819453
1.1224933741018654 -1.9141719533390111E-004 -0.82530426721707806
-0.00236775996198576 -0.99997489678727647 -0.00667828630999209
-0.30777183508368411 0.00708285514507201 -0.95143382885632954
0.95145724614508254 -1.9737849359731366E-004 -0.30778087952266669
72.007174815851883
0 0 0 0
0 0
0.00346562201595156 0
-1.6695133551837356E-004 -1.3140235479026003E-005
</Contact>
<Contact object="Fork-2_Frontwheel-1" iGeometry="Fork-2.Fork_2_graphic_body2" jGeometry="Frontwheel-1.Frontwheel_1_graphic_body1" track="0" id="13">
1.3222303744722586 -0.05557140422940186 -0.35178391126323688
1.3221259649927253 -0.05956982313004186 -0.35175226816091631
-0.92771511851963051 0.02717147534257663 0.37229876416369673
-0.37237520525292911 0.00237898923190624 -0.92807922448628999
-0.02610297651510308 -0.99962795646077296 0.00791095943048958
8423.5039140344397
-2097.8416745604577 0 -1.1750013637801833 0.24904620404642219
0 0
9.2506822020053676E-004 0
-0.00399990704021181 4.2788692652449886E-005
</Contact>
</Incident>
</Data>
<Data name="contactIncident_002" id="5">
<Step type="contactIncident">
0.09190758081378578
0.69889387497716848 -3.5889182782863937E-004 -0.27277091988714253 89.850334684382588 15.799528613132651
-89.874112564718203
0 0 0 -7.016709298534876E-015 0 0
0.24594352995029042 -8.7533468301419443E-005 -0.34930526171428966 -90.004662431737415 55.144538558881472
89.95823081652523
1.1497562523969784 -0.02611718903104384 -0.78366353104082342 89.864706898095704 17.799524314235224 -91.241378295918778
1.3264072327726384 -0.00204843101936123 -0.34988168665340863 -91.528449485449698 60.902046354075708 90.434255170636717
0.22089546329264351 -0.00780998534961848 0.11484959260264269 0.96104922774620083 -12.86823797330838 -0.8362040263479652
0 0 0 0 0 0
0.23808880218933604 8.4420305904379689E-005 0.0131244571872394 0.66920772342636003 -599.99932189077208
-1.1877308299215377
0.34369976045532913 0.00262483821145699 0.21297577290757463 6.964516280589403 -12.882472213146045 17.863487844303364
0.23866370500625309 0.00497180685877176 0.25561959067883644 6.969457611548056 -12.667264569611929 17.862067388775166
0.55192361637765908 -0.1518528875412285 4.0431845890090603 18.140213012959276 -566.73794670581924 -14.694703214865195
0 0 0 0 0 0
1.3445088549411695 -0.00838390094248384 -0.43920193744369895 22.620120134448019 0.0455169142155986 -29.652004938038171
5.7953745752086547 0.11659732396052658 8.4561820172576194 172.61068540474457 -568.47054724690452 493.58833276525502
1.2751703394756115 0.27097140438966349 10.24799479618714 171.70013584180239 -596.13165136423174 493.88879004036397
-1935.2389069831629 49.725672992253372 788.81539062512252 -115.10813954820235 0.12808495098396219 -380.22674708517491
-157.78045856007185 -0.87382864889695111 50.655514637852832 0.32856862504072237 -4.5905265619684554 -0.10896867206205635
57.831833444787804 0.00241084081562464 -52.173974573202898 3.8919795054058399 -0.00474230865502869 4.6873234281880034
-0.96817291107435399 0.00228616070650711 -3.0155999648630747 0 0 0
0 0.07807496679158835 0 0.03518531334020241 0 0.27568821778284586
6.5993186872653504E-005 0.13251380187346265 7.9272792761856455E-005 0 0 0
193.64230692179476 8421.1765510607765 -55.785606521487836 -5472.944936771516 136.82469393476268 1656.900887523871
-66.949965833932225 4.0995030680774875E-015 -4.0995030680774875E-015 7.0005973950676038E-014 1143.2843167420501
-3.238660883786489E-013
0 2.5542795751632187E-013 -2085.7275558484353 0 0 0
0 0 0 0 -23.325677508563125 -0.01395395478073294
0 0 0 0.33843423552523461 0 1.0496812954272281
0 0 0 0 0 0
-66.949965833932225 -0.07807496679183221 121.7275558484355 -0.03518531334039066 -29.878002060933731 -0.27568821778581953
141.27774311335253 -0.04297141239538022 -45.357756580348997 -0.02894930759594685 -58.407558663248018
-0.03483500222778389
1739.0519046393613 -8471.4413694318664 -733.87887001640979 3699.3945478204905 885.8035300986021 -1434.927575092664
-3.611573095863928E-015 -7.9704718796959509E-015 1.0969831853762044E-014 -3.2781706854387022E-015 0
-1.2074019885256011E-015
</Step>
<Incident name="INCIDENT_5" time="0.09190758081378578">
<Contact object="Ground-1_Backwheel-1" iGeometry="Ground-1.Ground_1_graphic_body1" jGeometry="BackWheelass-1.Backwheel_1_graphic_body1" track="0" id="14">
0.24545107832490881 -2.8888646860083665E-004 4.9999940429298895E-010
0.24545107841896713 -2.8888647264500617E-004 1.0329148051252401E-004
0.99999934394785062 0.0011454706628118 -9.1056876039274936E-007
-0.00114547066277567 0.99999934394826429 4.0196227794587083E-008
9.1061420659510627E-007 -3.9153171622315157E-008 0.99999999999958467
121.72749489099388
-66.950122190046642 0 -0.23276495360773261 0.55000000000000004
0 0
3.4204572855574948 0
-1.0329098051322343E-004 -0.00432649665441762
</Contact>
<Contact object="Frame-2_Fork-2" iGeometry="Frame-1.Frame_2_graphic_body1" jGeometry="Fork-2.Fork_2_graphic_body2" track="0" id="15">
1.1261484902605869 -2.4226600343156483E-004 -0.82336639467159511
1.1263109130997828 -2.4231547700898429E-004 -0.82341854185027696
-0.00294351421860632 -0.99996188728052848 -0.008219471419043
-0.30567546530813561 0.00872581667652197 -0.95209577776187126
0.95213121240336396 -2.9001670871659754E-004 -0.30568949975033333
74.19015538937289
0 0 0 0
0 0
0.0049685274367229 0
-1.7058871411847323E-004 -1.2598283026138127E-005
</Contact>
<Contact object="Frame-2_Fork-2" iGeometry="Frame-1.Frame_2_graphic_body1" jGeometry="Fork-2.Fork_2_graphic_body1" track="0" id="16">
1.1261484902057044 -2.4226544173812476E-004 -0.82336639466249328
1.1263109132058711 -2.4231491366950159E-004 -0.82341854156266892
-0.00294348914480785 -0.99996188730130275 -0.00821947787095741
-0.3056737107574406 0.00872581462039415 -0.95209634108686025
0.95213177576606012 -2.9000694349457418E-004 -0.30568774504801749
74.190195829262549
0 0 0 0
0 0
0.00496852743389347 0
-1.7058878224677858E-004 -1.259814661385002E-005
</Contact>
<Contact object="Fork-2_Frontwheel-1" iGeometry="Fork-2.Fork_2_graphic_body2" jGeometry="Frontwheel-1.Frontwheel_1_graphic_body1" track="0" id="17">
1.3251769736136365 -0.05553320337478349 -0.3495275040131684
1.3250850205123466 -0.05953201612366226 -0.34950101389548227
-0.92896850711128631 0.02380876178680105 0.36939227882781639
-0.36944423229981843 0.00233959495945756 -0.92924995857725146
-0.02298851921775482 -0.9997137936217575 0.0066225996835961
8424.1410430794713
-2088.5512406719822 0 -3.540009311576489 0.24792453378825491
0 0
0.00133495411217848 0
-0.00399995756224578 2.9410216912003046E-005
</Contact>
</Incident>
